           7
           8
           9
          10
          14
          15
          16
          19
          20
          21
          22
          23
          24
          28
          29
          30
          33
          34
          35
          36
          37
          38
          45
          46
          47
          48
          52
          53
          54
          57
          58
          59
          60
          61
          62
          69
          70
          71
          72
          76
          77
          78
          81
          82
          83
          84
          85
          86
          93
          94
          95
          96
          97
          98
          99
         100
         101
         108
         109
         110
         111
         112
         113
         114
         115
         116
         117
         118
         119
         120
         127
         128
         129
         130
         131
         132
         133
         134
         135
         136
         137
         138
         139
         145
         146
         152
         153
         157
         158
         159
         162
         163
         164
         165
         166
         167
         174
         175
         176
         177
         178
         185
         186
         187
         188
         189
         190
         191
         192
         193
         194
         201
         202
         203
         204
         205
         206
         207
         208
         209
         210
         211
         212
         213
         214
         221
         222
         223
         224
         225
         226
         227
         228
         229
         230
         231
         232
         233
         240
         241
         242
         243
         244
         245
         246
         247
         248
         249
         250
         251
         252
         253
         257
         258
         259
         262
         263
         264
         265
         266
         267
         271
         272
         273
         276
         277
         278
         279
         280
         281
         288
         289
         290
         291
         292
         293
         294
         295
         296
         297
         298
         299
         300
         301
         302
         303
         307
         308
         309
         312
         313
         314
         315
         316
         317
         324
         325
         326
         327
         328
         329
         330
         331
         332
         333
         334
         335
         336
         337
         338
         339
         346
         347
         348
         349
         350
         351
         358
         359
         360
         361
         362
         363
         364
         365
         372
         373
         374
         375
         376
         377
         378
         379
         380
         381
         382
         383
         384
         391
         392
         393
         394
         395
         396
         397
         398
         399
         400
         401
         408
         409
         410
         411
         412
         413
         414
         415
         416
         417
         418
         419
         420
         427
         428
         429
         430
         431
         438
         439
         440
         441
         442
         443
         444
         445
         446
         447
         448
         449
         450
         451
         452
         453
         454
         455
         462
         463
         464
         465
         466
         467
         468
         469
         473
         474
         475
         478
         479
         480
         481
         482
         483
         490
         491
         492
         493
         494
         495
         496
         497
         498
         505
         506
         507
         508
         509
         510
         511
         512
         513
         514
         521
         522
         523
         524
         525
         526
         527
         528
         535
         536
         537
         538
         545
         546
         547
         548
         549
         550
         551
         552
         553
         554
         561
         562
         563
         564
         565
         566
         567
         568
         569
         570
         577
         578
         579
         580
         581
         582
         583
         584
         585
         586
         593
         594
         595
         596
         597
         598
         605
         606
         607
         608
         609
         610
         611
         612
         613
         614
         621
         622
         623
         624
         625
         632
         633
         634
         635
         636
         637
         638
         639
         640
         641
         642
         643
         650
         651
         652
         653
         654
         655
         656
         657
         658
         665
         666
         667
         668
         669
         670
         674
         675
         676
         679
         680
         681
         682
         683
         684
         691
         692
         693
         694
         695
         696
         697
         698
         699
         706
         707
         708
         709
         710
         711
         712
         713
         714
         715
         722
         723
         724
         725
         726
         727
         728
         729
         730
         731
         732
         733
         734
         735
         736
         737
         744
         745
         746
         747
         748
         749
         750
         751
         752
         753
         754
         755
         756
         757
         764
         765
         766
         767
         768
         769
         770
         771
         778
         779
         780
         781
         782
         783
         784
         785
         786
         787
         788
         789
         790
         791
         792
         793
         794
         795
         802
         803
         804
         805
         806
         807
         808
         809
         810
         811
         812
         813
         814
         815
         816
         823
         824
         825
         826
         827
         828
         829
         830
         831
         832
         839
         840
         841
         842
         843
         844
         850
         851
         858
         859
         860
         861
         862
         863
         864
         865
         866
         867
         874
         875
         876
         877
         878
         879
         880
         881
         882
         889
         890
         891
         892
         893
         894
         895
         896
         897
         898
         905
         906
         907
         908
         909
         910
         911
         912
         913
         914
         915
         916
         923
         924
         925
         926
         927
         928
         929
         930
         937
         938
         939
         940
         947
         948
         949
         950
         951
         952
         953
         954
         955
         956
         957
         958
         959
         960
         961
         962
         969
         970
         971
         972
         973
         974
         975
         976
         983
         984
         985
         986
         987
         988
         989
         990
         991
         992
         993
         994
         995
         996
         997
         998
        1002
        1003
        1004
        1007
        1008
        1009
        1010
        1011
        1012
        1019
        1020
        1021
        1022
        1023
        1024
        1025
        1026
        1027
        1028
        1029
        1030
        1031
        1032
        1033
        1034
        1035
        1036
        1043
        1044
        1045
        1046
        1047
        1048
        1049
        1050
        1051
        1058
        1059
        1060
        1061
        1062
        1063
        1064
        1065
        1066
        1073
        1074
        1075
        1076
        1077
        1078
        1079
        1080
        1081
        1082
        1083
        1090
        1091
        1092
        1093
        1094
        1095
        1096
        1097
        1098
        1099
        1100
        1101
        1102
        1103
        1104
        1111
        1112
        1113
        1114
        1115
        1116
        1117
        1118
        1125
        1126
        1127
        1128
        1129
        1136
        1137
        1138
        1139
        1140
        1141
        1142
        1143
        1150
        1151
        1152
        1153
        1154
        1155
        1156
        1157
        1158
        1159
        1160
        1161
        1162
        1163
        1164
        1171
        1172
        1173
        1174
        1175
        1176
        1177
        1178
        1179
        1180
        1181
        1182
        1183
        1184
        1185
        1186
        1187
        1188
        1195
        1196
        1197
        1198
        1199
        1200
        1201
        1202
        1203
        1204
        1211
        1212
        1213
        1214
        1215
        1216
        1217
        1218
        1219
        1220
        1227
        1228
        1229
        1230
        1231
        1238
        1239
        1240
        1241
        1242
        1243
        1244
        1245
        1246
        1247
        1254
        1255
        1256
        1257
        1258
        1259
        1260
        1261
        1262
        1263
        1264
        1265
        1266
        1273
        1274
        1275
        1276
        1277
        1278
        1279
        1280
        1287
        1288
        1289
        1290
        1291
        1292
        1293
        1294
        1295
        1296
        1303
        1304
        1305
        1306
        1307
        1308
        1309
        1310
        1311
        1312
        1313
        1314
        1315
        1322
        1323
        1324
        1325
        1326
        1327
        1328
        1329
        1330
        1331
        1332
        1339
        1340
        1341
        1342
        1343
        1344
        1345
        1346
        1347
        1348
        1349
        1356
        1357
        1358
        1359
        1360
        1361
        1368
        1369
        1370
        1371
        1372
        1373
        1374
        1375
        1376
        1377
        1378
        1379
        1380
        1381
        1382
        1383
        1384
        1385
        1392
        1393
        1394
        1395
        1396
        1397
        1398
        1399
        1400
        1401
        1402
        1403
        1404
        1411
        1412
        1413
        1414
        1415
        1416
        1417
        1418
        1424
        1425
        1432
        1433
        1434
        1435
        1436
        1437
        1438
        1439
        1440
        1441
        1442
        1443
        1444
        1445
        1446
        1447
        1454
        1455
        1456
        1457
        1458
        1459
        1460
        1461
        1462
        1469
        1470
        1471
        1472
        1473
        1474
        1475
        1476
        1477
        1478
        1479
        1480
        1481
        1482
        1483
        1490
        1491
        1492
        1493
        1494
        1495
        1496
        1497
        1498
        1499
        1500
        1501
        1502
        1503
        1504
        1505
        1512
        1513
        1514
        1515
        1522
        1523
        1524
        1525
        1526
        1527
        1528
        1529
        1530
        1531
        1532
        1533
        1534
        1535
        1536
        1537
        1544
        1545
        1546
        1547
        1548
        1549
        1550
        1551
        1552
        1553
        1560
        1561
        1562
        1563
        1564
        1571
        1572
        1573
        1574
        1575
        1576
        1577
        1578
        1585
        1586
        1587
        1588
        1589
        1590
        1591
        1592
        1593
        1594
        1595
        1596
        1597
        1598
        1599
        1600
        1607
        1608
        1609
        1610
        1617
        1618
        1619
        1620
        1621
        1622
        1623
        1624
        1625
        1626
        1627
        1628
        1629
        1633
        1634
        1635
        1638
        1639
        1640
        1641
        1642
        1643
        1650
        1651
        1652
        1653
        1657
        1658
        1659
        1662
        1663
        1664
        1665
        1666
        1667
        1674
        1675
        1676
        1677
        1678
        1679
        1680
        1681
        1682
        1683
        1684
        1685
        1686
        1693
        1694
        1695
        1696
        1697
        1698
        1699
        1700
        1701
        1708
        1709
        1710
        1711
        1712
        1713
        1714
        1715
        1716
        1717
        1718
        1719
        1720
        1721
        1722
        1723
        1730
        1731
        1732
        1733
        1734
        1735
        1736
        1737
        1744
        1745
        1746
        1747
        1748
        1749
        1750
        1751
        1752
        1753
        1754
        1755
        1756
        1763
        1764
        1765
        1766
        1767
        1774
        1775
        1776
        1777
        1778
        1779
        1780
        1781
        1782
        1783
        1784
        1785
        1786
        1787
        1788
        1789
        1796
        1797
        1798
        1799
        1806
        1807
        1808
        1809
        1810
        1811
        1812
        1813
        1814
        1815
        1816
        1817
        1818
        1819
        1820
        1821
        1827
        1828
        1835
        1836
        1837
        1838
        1839
        1840
        1841
        1842
        1843
        1844
        1845
        1849
        1850
        1851
        1854
        1855
        1856
        1857
        1858
        1859
        1866
        1867
        1868
        1869
        1870
        1871
        1872
        1873
        1874
        1875
        1876
        1877
        1878
        1879
        1880
        1881
        1882
        1883
        1890
        1891
        1892
        1893
        1894
        1895
        1896
        1897
        1898
        1902
        1903
        1904
        1907
        1908
        1909
        1910
        1911
        1912
        1919
        1920
        1921
        1922
        1923
        1924
        1925
        1926
        1927
        1928
        1929
        1936
        1937
        1938
        1939
        1940
        1941
        1942
        1943
        1944
        1945
        1952
        1953
        1954
        1955
        1956
        1957
        1958
        1959
        1960
        1961
        1962
        1963
        1964
        1965
        1966
        1973
        1974
        1975
        1976
        1977
        1978
        1979
        1980
        1987
        1988
        1989
        1990
        1991
        1992
        1993
        1994
        1995
        1996
        1997
        1998
        1999
        2003
        2004
        2005
        2008
        2009
        2010
        2011
        2012
        2013
        2017
        2018
        2019
        2022
        2023
        2024
        2025
        2026
        2027
        2034
        2035
        2036
        2037
        2038
        2045
        2046
        2047
        2048
        2049
        2050
        2051
        2052
        2053
        2054
        2055
        2056
        2057
        2058
        2059
        2060
        2061
        2062
        2069
        2070
        2071
        2072
        2073
        2074
        2081
        2082
        2083
        2084
        2085
        2086
        2087
        2088
        2089
        2096
        2097
        2098
        2099
        2100
        2101
        2102
        2103
        2104
        2105
        2106
        2107
        2108
        2115
        2116
        2117
        2118
        2119
        2120
        2121
        2122
        2129
        2130
        2131
        2132
        2133
        2134
        2135
        2136
        2137
        2138
        2139
        2140
        2141
        2142
        2143
        2144
        2151
        2152
        2153
        2154
        2155
        2156
        2157
        2158
        2165
        2166
        2167
        2168
        2169
        2170
        2171
        2172
        2173
        2174
        2175
        2182
        2183
        2184
        2185
        2186
        2187
        2188
        2189
        2190
        2191
        2198
        2199
        2200
        2201
        2202
        2209
        2210
        2211
        2212
        2213
        2214
        2215
        2216
        2217
        2218
        2219
        2220
        2221
        2228
        2229
        2230
        2231
        2232
        2233
        2234
        2235
        2242
        2243
        2244
        2245
        2252
        2253
        2254
        2255
        2256
        2257
        2258
        2259
        2260
        2261
        2262
        2263
        2264
        2271
        2272
        2273
        2274
        2275
        2276
        2277
        2278
        2279
        2280
        2287
        2288
        2289
        2290
        2291
        2292
        2293
        2294
        2295
        2296
        2297
        2298
        2299
        2300
        2301
        2302
        2308
        2309
        2316
        2317
        2318
        2319
        2320
        2321
        2322
        2323
        2324
        2325
        2326
        2327
        2328
        2329
        2336
        2337
        2338
        2339
        2340
        2341
        2342
        2343
        2344
        2345
        2346
        2347
        2348
        2349
        2350
        2354
        2355
        2356
        2359
        2360
        2361
        2362
        2363
        2364
        2371
        2372
        2373
        2374
        2375
        2382
        2383
        2384
        2385
        2386
        2387
        2394
        2395
        2396
        2397
        2398
        2399
        2400
        2401
        2402
        2403
        2404
        2405
        2406
        2413
        2414
        2415
        2416
        2423
        2424
        2425
        2426
        2427
        2428
        2429
        2430
        2431
        2432
        2439
        2440
        2441
        2442
        2443
        2444
        2445
        2446
        2447
        2454
        2455
        2456
        2457
        2458
        2459
        2460
        2461
        2462
        2463
        2464
        2465
        2466
        2467
        2468
        2469
        2470
        2471
        2478
        2479
        2480
        2481
        2482
        2483
        2484
        2485
        2486
        2493
        2494
        2495
        2496
        2497
        2504
        2505
        2506
        2507
        2508
        2509
        2510
        2511
        2517
        2518
        2525
        2526
        2527
        2528
        2529
        2530
        2531
        2532
        2533
        2534
        2535
        2539
        2540
        2541
        2544
        2545
        2546
        2547
        2548
        2549
        2556
        2557
        2558
        2559
        2560
        2561
        2562
        2563
        2564
        2571
        2572
        2573
        2574
        2575
        2576
        2577
        2578
        2585
        2586
        2587
        2588
        2589
        2590
        2591
        2592
        2599
        2600
        2601
        2602
        2603
        2604
        2605
        2606
        2607
        2608
        2609
        2610
        2611
        2612
        2613
        2620
        2621
        2622
        2623
        2624
        2625
        2626
        2627
        2628
        2629
        2630
        2631
        2632
        2633
        2634
        2635
        2642
        2643
        2644
        2645
        2646
        2647
        2648
        2649
        2656
        2657
        2658
        2659
        2660
        2661
        2662
        2663
        2667
        2668
        2669
        2672
        2673
        2674
        2675
        2676
        2677
        2681
        2682
        2683
        2686
        2687
        2688
        2689
        2690
        2691
        2698
        2699
        2700
        2701
        2702
        2703
        2704
        2705
        2706
        2707
        2714
        2715
        2716
        2717
        2718
        2719
        2720
        2721
        2722
        2723
        2724
        2725
        2726
        2733
        2734
        2735
        2736
        2737
        2738
        2745
        2746
        2747
        2748
        2749
        2756
        2757
        2758
        2759
        2760
        2761
        2767
        2768
        2775
        2776
        2777
        2778
        2779
        2786
        2787
        2788
        2789
        2790
        2791
        2792
        2793
        2794
        2795
        2796
        2797
        2798
        2799
        2806
        2807
        2808
        2809
        2810
        2811
        2812
        2813
        2814
        2815
        2816
        2817
        2818
        2819
        2826
        2827
        2828
        2829
        2830
        2831
        2832
        2833
        2834
        2835
        2836
        2837
        2838
        2845
        2846
        2847
        2848
        2849
        2850
        2851
        2852
        2853
        2854
        2855
        2856
        2857
        2858
        2859
        2866
        2867
        2868
        2869
        2870
        2877
        2878
        2879
        2880
        2881
        2882
        2883
        2884
        2885
        2886
        2887
        2888
        2889
        2890
        2891
        2892
        2899
        2900
        2901
        2902
        2903
        2904
        2905
        2906
        2907
        2908
        2909
        2910
        2911
        2918
        2919
        2920
        2921
        2922
        2923
        2924
        2925
        2932
        2933
        2934
        2935
        2936
        2937
        2938
        2939
        2940
        2941
        2948
        2949
        2950
        2951
        2952
        2953
        2960
        2961
        2962
        2963
        2964
        2965
        2966
        2967
        2968
        2969
        2970
        2971
        2972
        2973
        2974
        2975
        2982
        2983
        2984
        2985
        2986
        2993
        2994
        2995
        2996
        2997
        2998
        2999
        3000
        3001
        3002
        3003
        3004
        3005
        3006
        3007
        3008
        3009
        3010
        3017
        3018
        3019
        3020
        3021
        3022
        3023
        3024
        3025
        3026
        3027
        3028
        3029
        3030
        3031
        3032
        3033
        3034
        3041
        3042
        3043
        3044
        3045
        3046
        3047
        3048
        3049
        3050
        3051
        3058
        3059
        3060
        3061
        3062
        3063
        3064
        3065
        3066
        3067
        3068
        3074
        3075
        3082
        3083
        3084
        3085
        3086
        3087
        3088
        3089
        3096
        3097
        3098
        3099
        3100
        3101
        3102
        3103
        3104
        3105
        3112
        3113
        3114
        3115
        3116
        3117
        3118
        3119
        3120
        3121
        3122
        3123
        3124
        3125
        3132
        3133
        3134
        3135
        3136
        3143
        3144
        3145
        3146
        3153
        3154
        3155
        3156
        3157
        3164
        3165
        3166
        3167
        3168
        3169
        3170
        3171
        3172
        3173
        3180
        3181
        3182
        3183
        3184
        3185
        3186
        3187
        3188
        3189
        3190
        3197
        3198
        3199
        3200
        3201
        3202
        3203
        3204
        3205
        3206
        3207
        3214
        3215
        3216
        3217
        3218
        3219
        3220
        3221
        3222
        3229
        3230
        3231
        3232
        3239
        3240
        3241
        3242
        3243
        3244
        3245
        3246
        3247
        3248
        3249
        3250
        3251
        3258
        3259
        3260
        3261
        3262
        3263
        3264
        3265
        3266
        3267
        3268
        3269
        3276
        3277
        3278
        3279
        3280
        3281
        3282
        3283
        3290
        3291
        3292
        3293
        3294
        3295
        3296
        3297
        3298
        3299
        3300
        3307
        3308
        3309
        3310
        3311
        3312
        3313
        3314
        3315
        3316
        3317
        3318
        3319
        3320
        3321
        3328
        3329
        3330
        3331
        3332
        3333
        3334
        3335
        3342
        3343
        3344
        3345
        3346
        3347
        3348
        3349
        3350
        3351
        3352
        3359
        3360
        3361
        3362
        3363
        3364
        3365
        3366
        3367
        3368
        3369
        3370
        3371
        3372
        3373
        3374
        3381
        3382
        3383
        3384
        3385
        3392
        3393
        3394
        3395
        3396
        3397
        3398
        3399
        3400
        3401
        3402
        3403
        3404
        3411
        3412
        3413
        3414
        3415
        3422
        3423
        3424
        3425
        3426
        3427
        3428
        3429
        3430
        3431
        3432
        3433
        3434
        3441
        3442
        3443
        3444
        3445
        3449
        3450
        3451
        3454
        3455
        3456
        3457
        3458
        3459
        3465
        3466
        3473
        3474
        3475
        3476
        3477
        3478
        3479
        3480
        3481
        3482
        3483
        3484
        3485
        3486
        3487
        3488
        3498
        3499
        3500
        3501
        3505
        3506
        3507
        3510
        3511
        3512
        3513
        3514
        3515
        3519
        3520
        3521
        3524
        3525
        3526
        3527
        3528
        3529
        3536
        3537
        3538
        3539
        3543
        3544
        3545
        3548
        3549
        3550
        3551
        3552
        3553
        3560
        3561
        3562
        3563
        3567
        3568
        3569
        3572
        3573
        3574
        3575
        3576
        3577
        3584
        3585
        3586
        3587
        3588
        3589
        3590
        3591
        3592
        3599
        3600
        3601
        3602
        3603
        3604
        3605
        3606
        3607
        3608
        3609
        3610
        3611
        3618
        3619
        3620
        3621
        3622
        3623
        3624
        3625
        3626
        3627
        3628
        3629
        3630
        3636
        3637
        3643
        3644
        3648
        3649
        3650
        3653
        3654
        3655
        3656
        3657
        3658
        3665
        3666
        3667
        3668
        3669
        3676
        3677
        3678
        3679
        3680
        3681
        3682
        3683
        3684
        3685
        3692
        3693
        3694
        3695
        3696
        3697
        3698
        3699
        3700
        3701
        3702
        3703
        3704
        3705
        3712
        3713
        3714
        3715
        3716
        3717
        3718
        3719
        3720
        3721
        3722
        3723
        3724
        3731
        3732
        3733
        3734
        3735
        3736
        3737
        3738
        3739
        3740
        3741
        3742
        3743
        3744
        3748
        3749
        3750
        3753
        3754
        3755
        3756
        3757
        3758
        3762
        3763
        3764
        3767
        3768
        3769
        3770
        3771
        3772
        3779
        3780
        3781
        3782
        3783
        3784
        3785
        3786
        3787
        3788
        3789
        3790
        3791
        3792
        3793
        3794
        3798
        3799
        3800
        3803
        3804
        3805
        3806
        3807
        3808
        3815
        3816
        3817
        3818
        3819
        3820
        3821
        3822
        3823
        3824
        3825
        3826
        3827
        3828
        3829
        3830
        3837
        3838
        3839
        3840
        3841
        3842
        3849
        3850
        3851
        3852
        3853
        3854
        3855
        3856
        3863
        3864
        3865
        3866
        3867
        3868
        3869
        3870
        3871
        3872
        3873
        3874
        3875
        3882
        3883
        3884
        3885
        3886
        3887
        3888
        3889
        3890
        3891
        3892
        3899
        3900
        3901
        3902
        3903
        3904
        3905
        3906
        3907
        3908
        3909
        3910
        3911
        3918
        3919
        3920
        3921
        3922
        3929
        3930
        3931
        3932
        3933
        3934
        3935
        3936
        3937
        3938
        3939
        3940
        3941
        3942
        3943
        3944
        3945
        3946
        3953
        3954
        3955
        3956
        3957
        3958
        3959
        3960
        3964
        3965
        3966
        3969
        3970
        3971
        3972
        3973
        3974
        3981
        3982
        3983
        3984
        3985
        3986
        3987
        3988
        3989
        3996
        3997
        3998
        3999
        4000
        4001
        4002
        4003
        4004
        4005
        4012
        4013
        4014
        4015
        4016
        4017
        4018
        4019
        4026
        4027
        4028
        4029
        4036
        4037
        4038
        4039
        4040
        4041
        4042
        4043
        4044
        4045
        4052
        4053
        4054
        4055
        4056
        4057
        4058
        4059
        4060
        4061
        4068
        4069
        4070
        4071
        4072
        4073
        4074
        4075
        4076
        4077
        4084
        4085
        4086
        4087
        4088
        4089
        4096
        4097
        4098
        4099
        4100
        4101
        4102
        4103
        4104
        4105
        4112
        4113
        4114
        4115
        4116
        4123
        4124
        4125
        4126
        4127
        4128
        4129
        4130
        4131
        4132
        4133
        4134
        4141
        4142
        4143
        4144
        4145
        4146
        4147
        4148
        4149
        4156
        4157
        4158
        4159
        4160
        4161
        4165
        4166
        4167
        4170
        4171
        4172
        4173
        4174
        4175
        4182
        4183
        4184
        4185
        4186
        4187
        4188
        4189
        4190
        4197
        4198
        4199
        4200
        4201
        4202
        4203
        4204
        4205
        4206
        4213
        4214
        4215
        4216
        4217
        4218
        4219
        4220
        4221
        4222
        4223
        4224
        4225
        4226
        4227
        4228
        4235
        4236
        4237
        4238
        4239
        4240
        4241
        4242
        4243
        4244
        4245
        4246
        4247
        4248
        4255
        4256
        4257
        4258
        4259
        4260
        4261
        4262
        4269
        4270
        4271
        4272
        4273
        4274
        4275
        4276
        4277
        4278
        4279
        4280
        4281
        4282
        4283
        4284
        4285
        4286
        4293
        4294
        4295
        4296
        4297
        4298
        4299
        4300
        4301
        4302
        4303
        4304
        4305
        4306
        4307
        4314
        4315
        4316
        4317
        4318
        4319
        4320
        4321
        4322
        4323
        4330
        4331
        4332
        4333
        4334
        4335
        4341
        4342
        4349
        4350
        4351
        4352
        4353
        4354
        4355
        4356
        4357
        4358
        4365
        4366
        4367
        4368
        4369
        4370
        4371
        4372
        4373
        4380
        4381
        4382
        4383
        4384
        4385
        4386
        4387
        4388
        4389
        4396
        4397
        4398
        4399
        4400
        4401
        4402
        4403
        4404
        4405
        4406
        4407
        4414
        4415
        4416
        4417
        4418
        4419
        4420
        4421
        4428
        4429
        4430
        4431
        4438
        4439
        4440
        4441
        4442
        4443
        4444
        4445
        4446
        4447
        4448
        4449
        4450
        4451
        4452
        4453
        4460
        4461
        4462
        4463
        4464
        4465
        4466
        4467
        4474
        4475
        4476
        4477
        4478
        4479
        4480
        4481
        4482
        4483
        4484
        4485
        4486
        4487
        4488
        4489
        4493
        4494
        4495
        4498
        4499
        4500
        4501
        4502
        4503
        4510
        4511
        4512
        4513
        4514
        4515
        4516
        4517
        4518
        4519
        4520
        4521
        4522
        4523
        4524
        4525
        4526
        4527
        4534
        4535
        4536
        4537
        4538
        4539
        4540
        4541
        4542
        4549
        4550
        4551
        4552
        4553
        4554
        4555
        4556
        4557
        4564
        4565
        4566
        4567
        4568
        4569
        4570
        4571
        4572
        4573
        4574
        4581
        4582
        4583
        4584
        4585
        4586
        4587
        4588
        4589
        4590
        4591
        4592
        4593
        4594
        4595
        4602
        4603
        4604
        4605
        4606
        4607
        4608
        4609
        4616
        4617
        4618
        4619
        4620
        4627
        4628
        4629
        4630
        4631
        4632
        4633
        4634
        4641
        4642
        4643
        4644
        4645
        4646
        4647
        4648
        4649
        4650
        4651
        4652
        4653
        4654
        4655
        4662
        4663
        4664
        4665
        4666
        4667
        4668
        4669
        4670
        4671
        4672
        4673
        4674
        4675
        4676
        4677
        4678
        4679
        4686
        4687
        4688
        4689
        4690
        4691
        4692
        4693
        4694
        4695
        4702
        4703
        4704
        4705
        4706
        4707
        4708
        4709
        4710
        4711
        4718
        4719
        4720
        4721
        4722
        4729
        4730
        4731
        4732
        4733
        4734
        4735
        4736
        4737
        4738
        4745
        4746
        4747
        4748
        4749
        4750
        4751
        4752
        4753
        4754
        4755
        4756
        4757
        4764
        4765
        4766
        4767
        4768
        4769
        4770
        4771
        4778
        4779
        4780
        4781
        4782
        4783
        4784
        4785
        4786
        4787
        4794
        4795
        4796
        4797
        4798
        4799
        4800
        4801
        4802
        4803
        4804
        4805
        4806
        4813
        4814
        4815
        4816
        4817
        4818
        4819
        4820
        4821
        4822
        4823
        4824
        4831
        4832
        4833
        4834
        4835
        4836
        4837
        4838
        4839
        4840
        4841
        4848
        4849
        4850
        4851
        4852
        4853
        4860
        4861
        4862
        4863
        4864
        4865
        4866
        4867
        4868
        4869
        4870
        4871
        4872
        4873
        4874
        4875
        4876
        4877
        4884
        4885
        4886
        4887
        4888
        4889
        4890
        4891
        4892
        4893
        4894
        4895
        4896
        4903
        4904
        4905
        4906
        4907
        4908
        4909
        4910
        4916
        4917
        4924
        4925
        4926
        4927
        4928
        4929
        4930
        4931
        4932
        4933
        4934
        4935
        4936
        4937
        4938
        4939
        4946
        4947
        4948
        4949
        4950
        4951
        4952
        4953
        4954
        4961
        4962
        4963
        4964
        4965
        4966
        4967
        4968
        4969
        4970
        4971
        4972
        4973
        4974
        4975
        4982
        4983
        4984
        4985
        4986
        4987
        4988
        4989
        4990
        4991
        4992
        4993
        4994
        4995
        4996
        4997
        5004
        5005
        5006
        5007
        5014
        5015
        5016
        5017
        5018
        5019
        5020
        5021
        5022
        5023
        5024
        5025
        5026
        5027
        5028
        5029
        5036
        5037
        5038
        5039
        5040
        5041
        5042
        5043
        5044
        5045
        5052
        5053
        5054
        5055
        5056
        5063
        5064
        5065
        5066
        5067
        5068
        5069
        5070
        5077
        5078
        5079
        5080
        5081
        5082
        5083
        5084
        5085
        5086
        5087
        5088
        5089
        5090
        5091
        5092
        5099
        5100
        5101
        5102
        5109
        5110
        5111
        5112
        5113
        5114
        5115
        5116
        5117
        5118
        5119
        5120
        5121
        5125
        5126
        5127
        5130
        5131
        5132
        5133
        5134
        5135
        5142
        5143
        5144
        5145
        5149
        5150
        5151
        5154
        5155
        5156
        5157
        5158
        5159
        5166
        5167
        5168
        5169
        5170
        5171
        5172
        5173
        5174
        5175
        5176
        5177
        5178
        5185
        5186
        5187
        5188
        5189
        5190
        5191
        5192
        5193
        5200
        5201
        5202
        5203
        5204
        5205
        5206
        5207
        5208
        5209
        5210
        5211
        5212
        5213
        5214
        5215
        5222
        5223
        5224
        5225
        5226
        5227
        5228
        5229
        5236
        5237
        5238
        5239
        5240
        5241
        5242
        5243
        5244
        5245
        5246
        5247
        5248
        5255
        5256
        5257
        5258
        5259
        5266
        5267
        5268
        5269
        5270
        5271
        5272
        5273
        5274
        5275
        5276
        5277
        5278
        5279
        5280
        5281
        5288
        5289
        5290
        5291
        5298
        5299
        5300
        5301
        5302
        5303
        5304
        5305
        5306
        5307
        5308
        5309
        5310
        5311
        5312
        5313
        5319
        5320
        5327
        5328
        5329
        5330
        5331
        5332
        5333
        5334
        5335
        5336
        5337
        5341
        5342
        5343
        5346
        5347
        5348
        5349
        5350
        5351
        5358
        5359
        5360
        5361
        5362
        5363
        5364
        5365
        5366
        5367
        5368
        5369
        5370
        5371
        5372
        5373
        5374
        5375
        5382
        5383
        5384
        5385
        5386
        5387
        5388
        5389
        5390
        5394
        5395
        5396
        5399
        5400
        5401
        5402
        5403
        5404
        5411
        5412
        5413
        5414
        5415
        5416
        5417
        5418
        5419
        5420
        5421
        5428
        5429
        5430
        5431
        5432
        5433
        5434
        5435
        5436
        5437
        5444
        5445
        5446
        5447
        5448
        5449
        5450
        5451
        5452
        5453
        5454
        5455
        5456
        5457
        5458
        5465
        5466
        5467
        5468
        5469
        5470
        5471
        5472
        5479
        5480
        5481
        5482
        5483
        5484
        5485
        5486
        5487
        5488
        5489
        5490
        5491
        5495
        5496
        5497
        5500
        5501
        5502
        5503
        5504
        5505
        5509
        5510
        5511
        5514
        5515
        5516
        5517
        5518
        5519
        5526
        5527
        5528
        5529
        5530
        5537
        5538
        5539
        5540
        5541
        5542
        5543
        5544
        5545
        5546
        5547
        5548
        5549
        5550
        5551
        5552
        5553
        5554
        5561
        5562
        5563
        5564
        5565
        5566
        5573
        5574
        5575
        5576
        5577
        5578
        5579
        5580
        5581
        5588
        5589
        5590
        5591
        5592
        5593
        5594
        5595
        5596
        5597
        5598
        5599
        5600
        5607
        5608
        5609
        5610
        5611
        5612
        5613
        5614
        5621
        5622
        5623
        5624
        5625
        5626
        5627
        5628
        5629
        5630
        5631
        5632
        5633
        5634
        5635
        5636
        5643
        5644
        5645
        5646
        5647
        5648
        5649
        5650
        5657
        5658
        5659
        5660
        5661
        5662
        5663
        5664
        5665
        5666
        5667
        5674
        5675
        5676
        5677
        5678
        5679
        5680
        5681
        5682
        5683
        5690
        5691
        5692
        5693
        5694
        5701
        5702
        5703
        5704
        5705
        5706
        5707
        5708
        5709
        5710
        5711
        5712
        5713
        5720
        5721
        5722
        5723
        5724
        5725
        5726
        5727
        5734
        5735
        5736
        5737
        5744
        5745
        5746
        5747
        5748
        5749
        5750
        5751
        5752
        5753
        5754
        5755
        5756
        5763
        5764
        5765
        5766
        5767
        5768
        5769
        5770
        5771
        5772
        5779
        5780
        5781
        5782
        5783
        5784
        5785
        5786
        5787
        5788
        5789
        5790
        5791
        5792
        5793
        5794
        5800
        5801
        5808
        5809
        5810
        5811
        5812
        5813
        5814
        5815
        5816
        5817
        5818
        5819
        5820
        5821
        5828
        5829
        5830
        5831
        5832
        5833
        5834
        5835
        5836
        5837
        5838
        5839
        5840
        5841
        5842
        5846
        5847
        5848
        5851
        5852
        5853
        5854
        5855
        5856
        5863
        5864
        5865
        5866
        5867
        5874
        5875
        5876
        5877
        5878
        5879
        5886
        5887
        5888
        5889
        5890
        5891
        5892
        5893
        5894
        5895
        5896
        5897
        5898
        5905
        5906
        5907
        5908
        5915
        5916
        5917
        5918
        5919
        5920
        5921
        5922
        5923
        5924
        5931
        5932
        5933
        5934
        5935
        5936
        5937
        5938
        5939
        5946
        5947
        5948
        5949
        5950
        5951
        5952
        5953
        5954
        5955
        5956
        5957
        5958
        5959
        5960
        5961
        5962
        5963
        5970
        5971
        5972
        5973
        5974
        5975
        5976
        5977
        5978
        5985
        5986
        5987
        5988
        5989
        5996
        5997
        5998
        5999
        6000
        6001
        6002
        6003
        6009
        6010
        6017
        6018
        6019
        6020
        6021
        6022
        6023
        6024
        6025
        6026
        6027
        6031
        6032
        6033
        6036
        6037
        6038
        6039
        6040
        6041
        6048
        6049
        6050
        6051
        6052
        6053
        6054
        6055
        6056
        6063
        6064
        6065
        6066
        6067
        6068
        6069
        6070
        6077
        6078
        6079
        6080
        6081
        6082
        6083
        6084
        6091
        6092
        6093
        6094
        6095
        6096
        6097
        6098
        6099
        6100
        6101
        6102
        6103
        6104
        6105
        6112
        6113
        6114
        6115
        6116
        6117
        6118
        6119
        6120
        6121
        6122
        6123
        6124
        6125
        6126
        6127
        6134
        6135
        6136
        6137
        6138
        6139
        6140
        6141
        6148
        6149
        6150
        6151
        6152
        6153
        6154
        6155
        6159
        6160
        6161
        6164
        6165
        6166
        6167
        6168
        6169
        6173
        6174
        6175
        6178
        6179
        6180
        6181
        6182
        6183
        6190
        6191
        6192
        6193
        6194
        6195
        6196
        6197
        6198
        6199
        6206
        6207
        6208
        6209
        6210
        6211
        6212
        6213
        6214
        6215
        6216
        6217
        6218
        6225
        6226
        6227
        6228
        6229
        6230
        6237
        6238
        6239
        6240
        6241
        6248
        6249
        6250
        6251
        6252
        6253
        6259
        6260
        6267
        6268
        6269
        6270
        6271
        6278
        6279
        6280
        6281
        6282
        6283
        6284
        6285
        6286
        6287
        6288
        6289
        6290
        6291
        6298
        6299
        6300
        6301
        6302
        6303
        6304
        6305
        6306
        6307
        6308
        6309
        6310
        6311
        6318
        6319
        6320
        6321
        6322
        6323
        6324
        6325
        6326
        6327
        6328
        6329
        6330
        6337
        6338
        6339
        6340
        6341
        6342
        6343
        6344
        6345
        6346
        6347
        6348
        6349
        6350
        6351
        6358
        6359
        6360
        6361
        6362
        6369
        6370
        6371
        6372
        6373
        6374
        6375
        6376
        6377
        6378
        6379
        6380
        6381
        6382
        6383
        6384
        6391
        6392
        6393
        6394
        6395
        6396
        6397
        6398
        6399
        6400
        6401
        6402
        6403
        6410
        6411
        6412
        6413
        6414
        6415
        6416
        6417
        6424
        6425
        6426
        6427
        6428
        6429
        6430
        6431
        6432
        6433
        6440
        6441
        6442
        6443
        6444
        6445
        6452
        6453
        6454
        6455
        6456
        6457
        6458
        6459
        6460
        6461
        6462
        6463
        6464
        6465
        6466
        6467
        6474
        6475
        6476
        6477
        6478
        6485
        6486
        6487
        6488
        6489
        6490
        6491
        6492
        6493
        6494
        6495
        6496
        6497
        6498
        6499
        6500
        6501
        6502
        6509
        6510
        6511
        6512
        6513
        6514
        6515
        6516
        6517
        6518
        6519
        6520
        6521
        6522
        6523
        6524
        6525
        6526
        6533
        6534
        6535
        6536
        6537
        6538
        6539
        6540
        6541
        6542
        6543
        6550
        6551
        6552
        6553
        6554
        6555
        6556
        6557
        6558
        6559
        6560
        6566
        6567
        6574
        6575
        6576
        6577
        6578
        6579
        6580
        6581
        6588
        6589
        6590
        6591
        6592
        6593
        6594
        6595
        6596
        6597
        6604
        6605
        6606
        6607
        6608
        6609
        6610
        6611
        6612
        6613
        6614
        6615
        6616
        6617
        6624
        6625
        6626
        6627
        6628
        6635
        6636
        6637
        6638
        6645
        6646
        6647
        6648
        6649
        6656
        6657
        6658
        6659
        6660
        6661
        6662
        6663
        6664
        6665
        6672
        6673
        6674
        6675
        6676
        6677
        6678
        6679
        6680
        6681
        6682
        6689
        6690
        6691
        6692
        6693
        6694
        6695
        6696
        6697
        6698
        6699
        6706
        6707
        6708
        6709
        6710
        6711
        6712
        6713
        6714
        6721
        6722
        6723
        6724
        6731
        6732
        6733
        6734
        6735
        6736
        6737
        6738
        6739
        6740
        6741
        6742
        6743
        6750
        6751
        6752
        6753
        6754
        6755
        6756
        6757
        6758
        6759
        6760
        6761
        6768
        6769
        6770
        6771
        6772
        6773
        6774
        6775
        6782
        6783
        6784
        6785
        6786
        6787
        6788
        6789
        6790
        6791
        6792
        6793
        6800
        6801
        6802
        6803
        6804
        6805
        6806
        6807
        6808
        6809
        6810
        6811
        6812
        6813
        6814
        6821
        6822
        6823
        6824
        6825
        6826
        6827
        6828
        6835
        6836
        6837
        6838
        6839
        6840
        6841
        6842
        6843
        6844
        6845
        6852
        6853
        6854
        6855
        6856
        6857
        6858
        6859
        6860
        6861
        6862
        6863
        6864
        6865
        6866
        6867
        6874
        6875
        6876
        6877
        6878
        6885
        6886
        6887
        6888
        6889
        6890
        6891
        6892
        6893
        6894
        6895
        6896
        6897
        6904
        6905
        6906
        6907
        6908
        6915
        6916
        6917
        6918
        6919
        6920
        6921
        6922
        6923
        6924
        6925
        6926
        6927
        6934
        6935
        6936
        6937
        6938
